12404433240012110221142322113021134224043123341133
24222431431002310243100400113343441011134413233241
30434021311042042322101102041200141021222233044313
21103301200442330120114011343414343303223333210234
41010441334344420033324330330131434222323402310311
24203121034241132114212402003413140320203122224414
14320044120033434124421430211032044111133003232031
13121412410031442434400413423320312024444424302232
30332020322420343211320301222140203400031012000404
40143211331434420201020012334421022402433022312100
40210111123004330124033302203430242332100334001401
20301112122141122221013440421032444224232310230332
41104010140303413424131023103100221243231303023022
20410300240034104304204134032241122140341203324124
03240130224313130140424314320004323243143002134240
44000330132222031332040033233243413230134310430032
13010334433421403110014140420321321134401203011144
12132001010121002433123234343134234300330014313421
43234023143434130142033423201431430424301420000423
24004400110403332214331033343010413230301403431014
23441011111214011214402341023113322212104441031240
33121443240244333143112332122023223020342320002212
32311040340002200214314134330010034004221444030300
21233144140024234033102324111240443114400010044134
40034123313102440221044420042122240040341224322230
33444143011022221421321133323101210041243423311332
11223230303233103104244102334220122202410323404220
23120313303120234133203120433131234000113003323010
04222324443222034234014023314310402403140240332321
04020400120434123302110234344442032323021421411033
12214321004410322402101243301011334320241031344033
23443013231141224141421310420211212034020031333012
00040430422212220112041312311442110340323311202121
11102430144343203332201301140313103403124030241211
20102240013313311112044344432014313230401400130030
12241202412133021421323022330421342132122034400141
21133003133114301343431004000100134122000202012230
01330143200202011313010421023212233324000440304401
11233422330434342440024211304030101034034120213304
30201022441230233423341304122213131010001221003342
34220340444303410334012001043302404324023041114024
12444321032342211001321002444011140421420433313014
04333401312331431334342221211230102010220404320103
31020242322243133101321012401104133004213302404302
33030321103132234230232003124433221240034010342324
44244044430323012143332433233402012102113003340232
22002311322232404241303142024203100211430323043231
02221302031314011010423031012124443001300342303014
23111303102102330011443332332301432343424140341433
14140213413334223401402344401343442034014312001011
14230001013222402203143300003100234101412040110002
03322302224213104340440202230322332041324134311320
41012230412234441333242114302410012402314323444303
02444330043020222440411040231314214432331230430441
32342440243132214114331314022010332331401121413042
24114310320032213311032143422132042240032423011424
34412120412303014124220132413041321340324122230230
23141240124413400201143241024413413320344121312123
11103410422401123343134132020212012120431202120310
00000231441430344244410133031442044314134113130041
03221342234300134224303333110424221022220310434140
24032242240313343021143341402302222020031400102322
41140331033001020104014340122212423100213424104011
31331003433434344142220232333302331301203100340304
30030034303121022110012233301321442301431113324443
04422201140204312320103010413103033232141413210032
00323412011103440343220410400212322333410333024433
12111431104132141121321224421324331120430444444403
21243140233421432243233214324443013230403444434303
31233430101131322232311410133021110310431034040244
12202133414300024102242123100212110321131031441123
31132342400321421201144441100102002401303202023044
30300422442042322314230432303312244143120220003022
44333144042442420323402322022112012403024201033230
22123301444041424011233221410040131412134142000003
31431010104231403410043110013121234401023120224122
41014014124121420324100311243024342422034124111443
14243203201143213201344341134324414344402112201302
02424134431234123103042114114041120311011402134402
21012410321134400100103321101200020011044402114022
11301002133430032003013024432434302011333241214411
23202234201000102244400011213120004344312224213242
44001420301423441432414014244310144332340220133241
03402443042110110004320312230114103232231320121424
32004323300132131211243020010030133234022334112213
30113430214022002043032110204030031130210213412033
11112120244220044031001230140011231202011123140030
04422310044433210144302310233304143114124130340041
31233123134222331003104013324413001421244102232042
14014430313411340341410212043330231320003023321031
32222034243444100032214033304112310430041214013344
41404241243442211243440414313212031324301121442424
11220102402443442133233004012301013422334212130243
44222444434134233323320414412120223110041213401401
13041334423243201244001304141423222412004434301301
34000310041243201302230434231333044424432331301134
03321100202313244303022424201001400024220233042341
04014110143424140200444204233220031214241030221144
10432340240032124143340201202101323003301440122133
13333041114434142102043323031330130343100133410044